0
320
768
0
384
768
0
448
768
0
512
768
0
576
768
0
640
768
0
256
768
0
192
768
0
128
768
0
384
640
0
384
704
0
384
576
0
448
576
0
448
640
0
448
704
0
384
512
0
448
512
0
320
704
0
256
704
0
192
704
0
0
768
0
64
768
0
128
704
0
64
704
0
128
640
0
192
640
0
192
576
0
256
576
0
320
640
0
320
576
0
256
640
0
256
512
0
320
512
0
320
448
0
384
448
0
448
448
0
448
384
0
384
384
0
448
320
0
704
768
0
768
768
0
832
768
0
960
768
0
1024
768
0
1152
768
0
1088
768
3
896
768
3
896
704
3
896
640
3
896
576
3
896
512
3
896
448
3
896
384
