0
0
704
0
64
704
0
128
704
0
192
704
0
256
704
0
320
704
0
384
704
0
448
704
0
512
704
0
640
192
0
576
192
0
512
192
0
448
192
0
384
192
0
320
192
0
256
192
0
192
192
0
128
192
0
64
192
0
0
192
0
896
192
0
960
192
0
1024
192
0
1088
192
0
1152
192
0
1216
192
0
1280
192
0
1344
192
0
1408
192
0
1472
192
0
1536
192
0
768
704
0
832
704
0
896
704
0
960
704
0
1024
704
0
1088
704
0
1152
704
0
1216
704
0
1344
704
0
1280
704
0
1408
704
0
1472
704
0
1600
704
0
1536
704
0
1600
192
0
1792
704
0
1792
640
0
1792
576
0
1792
512
0
1792
448
0
1792
384
0
1792
320
0
1792
256
0
1728
192
0
1664
192
0
1792
192
1
704
256
1
704
320
1
704
384
1
704
448
1
704
512
1
704
576
1
704
640
1
704
704
1
704
192
2
576
704
2
640
704
2
768
192
2
832
192
