0
0
576
0
64
576
0
128
576
0
192
576
0
256
576
0
384
576
0
320
576
0
448
576
0
1216
576
0
1280
576
0
1344
576
0
1408
576
0
1472
576
0
1536
576
0
1600
576
0
1664
576
0
1728
576
0
1856
576
0
1856
512
0
1856
448
0
1856
384
0
1856
320
0
1856
256
0
1856
128
0
1856
192
0
1792
128
0
1728
128
0
1664
128
0
1600
128
0
0
448
0
0
512
0
0
384
0
0
320
0
0
256
0
0
192
0
0
128
0
1472
128
0
1536
128
0
1408
128
0
1344
128
0
1216
128
0
1280
128
0
1152
128
0
512
128
0
384
128
0
448
128
0
320
128
0
256
128
0
192
128
0
128
128
0
64
128
1
576
576
1
640
576
1
704
576
1
768
576
1
832
576
1
896
576
1
960
576
1
1024
576
1
1088
576
2
512
576
2
1152
576
2
832
128
2
768
128
2
896
128
