0
64
896
0
64
832
0
64
768
0
64
640
0
64
576
0
64
512
0
64
448
0
64
384
0
64
320
0
64
256
0
128
896
0
256
896
0
192
896
0
320
896
0
384
896
0
448
896
0
512
896
0
576
896
0
640
896
0
704
896
0
832
896
0
64
192
0
64
128
0
64
64
0
64
0
0
128
0
0
192
0
0
320
0
0
256
0
0
448
0
0
512
0
0
384
0
0
576
0
0
704
0
0
640
0
0
768
0
0
896
0
0
832
0
0
960
0
0
1024
0
0
1088
0
0
1216
0
0
1152
0
0
1280
0
0
1344
0
0
1408
0
0
1472
0
0
1536
0
0
1600
0
0
1664
0
0
1728
0
0
64
704
0
768
896
0
1152
896
0
1216
896
0
1280
896
2
960
896
2
960
832
2
960
768
2
960
704
2
960
640
2
960
576
2
960
512
2
896
896
2
1024
896
3
1088
896
3
1088
832
3
1088
768
3
1088
704
3
1088
640
3
1088
576
3
1088
512
