0
0
64
4
0
64
64
4
0
128
64
4
0
192
64
4
0
256
64
4
0
320
64
4
0
448
64
4
0
384
64
4
0
512
64
4
0
576
64
4
0
640
64
4
0
704
64
4
0
768
64
4
0
896
64
4
0
832
64
4
0
960
64
4
0
1024
64
4
0
1088
64
4
0
1152
64
4
0
1216
64
4
0
1280
64
4
0
1344
64
4
0
1408
64
4
0
1472
64
4
0
1536
64
4
0
1600
64
4
0
1664
64
4
0
1792
64
4
0
1728
64
4
0
1856
64
4
0
0
896
3
0
64
896
3
0
128
896
3
0
192
896
3
0
256
896
3
0
320
896
3
0
384
896
3
0
448
896
3
0
512
896
3
0
576
896
3
0
640
896
3
0
704
896
3
0
768
896
3
0
832
896
3
0
896
896
3
0
1024
896
3
0
960
896
3
0
1088
896
3
0
1216
896
3
0
1152
896
3
0
1344
896
3
0
1408
896
3
0
1280
896
3
0
1536
896
3
0
1472
896
3
0
1664
896
3
0
1600
896
3
0
1728
896
3
0
1792
896
3
0
1856
896
3
5
1728
384
false
5
1664
448
false
5
1600
512
false
5
1536
576
false
5
1472
640
false
5
1408
704
false
5
1344
768
false
5
1280
832
false
5
1216
768
false
5
1152
704
false
5
1088
640
false
5
1024
576
false
5
960
512
false
5
896
448
false
5
832
384
false
5
576
384
false
5
512
448
false
5
448
512
false
5
384
576
false
5
320
640
false
5
256
704
false
5
192
768
false
5
128
832
false
7
960
0
1
7
1856
768
2
7
1024
960
3
7
0
768
4
