0
0
704
0
0
64
704
0
0
128
704
0
0
192
704
0
0
256
704
0
0
704
896
0
0
640
896
0
0
768
896
0
0
896
896
0
0
832
896
0
0
960
896
0
0
1024
896
0
0
1088
896
0
0
1536
512
0
0
1600
512
0
0
1664
512
0
0
1728
512
0
0
1792
512
0
0
1856
512
0
0
704
192
0
0
768
192
0
0
832
192
0
0
896
192
0
0
960
192
0
0
1024
192
0
1
576
896
1
1152
896
2
896
384
2
832
832
3
1216
768
3
1216
832
4
1280
704
4
1280
640
4
1280
576
5
1344
384
5
1216
384
6
1024
832
6
1024
640
7
896
128
1
7
1728
448
2
7
896
832
3
7
192
640
4
8
256
512
8
320
512
8
384
576
8
384
512
8
320
576
8
256
576
8
320
640
8
384
640
8
384
704
8
384
768
8
320
768
8
320
704
8
448
704
8
448
768
8
448
832
8
512
832
8
512
768
8
551
740
8
512
640
8
448
640
8
448
576
8
512
576
8
512
512
8
576
512
8
448
512
8
576
576
