0
768
896
1
0
704
896
1
0
832
896
1
0
1216
896
1
0
1152
896
1
0
448
896
1
0
384
896
1
0
1280
896
2
0
640
832
15
0
512
832
14
0
512
896
14
0
640
896
15
0
576
896
16
0
896
896
2
0
1088
896
0
0
1536
832
3
0
1536
896
3
0
1792
896
3
0
1728
896
4
0
1472
896
4
0
1472
832
4
0
512
960
14
0
576
960
15
0
640
960
17
0
320
896
1
0
256
896
1
0
192
896
1
0
128
896
1
0
64
896
1
0
0
896
1
0
448
128
12
0
512
128
12
0
576
128
12
0
640
128
12
0
704
128
12
0
768
128
12
0
832
128
12
0
1088
128
12
0
896
128
12
0
960
128
12
0
1024
128
12
0
1152
128
12
0
1216
128
12
0
1280
128
12
0
1344
64
14
0
1344
0
14
0
384
64
15
0
384
0
15
0
384
128
15
0
1728
832
0
0
1792
832
2
0
1856
640
8
1
640
448
1
1
576
448
1
1
896
448
1
1
960
448
1
1
1024
448
1
1
1216
448
1
1
1280
448
1
1
448
448
1
1
384
384
3
1
384
320
3
1
1344
320
4
1
1344
384
4
1
384
256
3
1
1344
256
4
1
0
384
7
1
0
320
3
1
64
256
6
1
128
320
5
1
192
320
7
1
256
256
6
1
320
320
4
1
320
384
5
1
384
448
4
1
448
512
7
1
384
512
5
1
576
512
5
1
640
512
7
1
512
448
9
1
704
448
9
1
768
448
9
1
832
448
9
1
896
512
5
1
960
512
6
1
1024
512
7
1
1088
448
9
1
1152
448
9
1
1216
512
5
1
1280
576
5
1
1344
576
7
1
1344
512
3
1
1408
448
7
1
1472
384
7
1
1600
384
5
1
1664
448
5
1
1536
320
6
1
1792
448
3
1
1856
384
6
1
384
192
3
1
1344
192
4
1
1664
64
14
1
1536
64
14
1
256
128
15
1
192
64
15
1
64
64
15
1
64
128
15
1
320
192
15
1
1408
192
15
1
1728
512
5
1
1792
512
7
4
1344
896
4
1408
896
4
640
768
4
576
768
4
512
768
4
1024
896
4
960
896
4
1600
896
4
1664
896
4
1856
896
4
1472
768
4
1536
768
7
832
0
1
7
1856
576
2
7
1856
768
3
7
0
832
4
8
448
64
0
8
448
0
0
8
512
0
0
8
512
64
0
8
576
64
0
8
640
0
0
8
640
64
0
8
704
64
0
8
704
0
0
8
768
0
0
8
768
64
0
8
832
64
0
8
896
0
0
8
896
64
0
8
960
64
0
8
960
0
0
8
1024
0
0
8
1024
64
0
8
1088
64
0
8
1088
0
0
8
1216
0
0
8
1280
0
0
8
1280
64
0
8
1152
64
0
8
1216
64
0
8
448
960
3
8
384
960
3
8
320
960
3
8
256
960
3
8
192
960
3
8
128
960
3
8
64
960
3
8
0
960
3
8
768
960
3
8
704
960
3
8
832
960
3
8
896
960
3
8
1024
960
3
8
1088
960
3
8
1216
960
3
8
1152
960
3
8
960
960
3
8
1344
960
3
8
1408
960
3
8
1280
960
3
8
1472
960
3
8
1600
960
3
8
1664
960
3
8
1728
960
3
8
1856
960
3
8
1792
960
3
8
1536
960
3
8
448
320
12
8
448
384
12
8
512
384
12
8
512
320
12
8
576
320
12
8
576
384
12
8
640
384
12
8
640
320
12
8
704
320
12
8
704
384
12
8
768
384
12
8
768
320
12
8
832
320
12
8
896
320
12
8
832
384
12
8
896
384
12
8
960
320
12
8
1024
320
12
8
1024
384
12
8
960
384
12
8
1088
384
12
8
1088
320
12
8
1152
320
12
8
1152
384
12
8
1216
384
12
8
1216
320
12
8
1280
320
12
8
1280
384
12
8
448
256
12
8
512
256
12
8
576
256
12
8
640
256
12
8
704
256
12
8
768
256
12
8
832
256
12
8
896
256
12
8
960
256
12
8
1024
256
12
8
1088
256
12
8
1152
256
12
8
1216
256
12
8
1280
256
12
8
576
832
13
8
576
0
8
8
1152
0
8
8
1344
448
9
8
1408
320
9
8
1408
256
9
8
1408
384
9
8
1472
320
9
8
1472
256
9
8
1536
256
9
8
1728
448
9
8
1728
384
9
8
1664
384
9
8
1664
320
9
8
1600
320
9
8
1600
256
9
8
1664
256
9
8
1728
256
9
8
1728
320
9
8
1792
320
9
8
1792
384
9
8
1856
320
9
8
1856
256
9
8
1792
256
9
8
1280
512
9
8
320
256
9
8
192
256
9
8
128
256
9
8
0
256
9
8
1152
768
8
8
832
768
8
8
320
768
8
8
0
448
0
8
0
512
0
8
0
576
0
8
0
640
0
8
0
704
0
8
0
768
0
8
0
1024
0
8
0
1088
0
8
0
1152
0
8
0
1216
0
8
64
320
0
8
64
384
0
8
64
448
0
8
64
512
0
8
64
1024
0
8
64
1088
0
8
64
1152
0
8
64
1216
0
8
128
384
0
8
128
448
0
8
128
512
0
8
128
1024
0
8
128
1088
0
8
128
1152
0
8
128
1216
0
8
192
384
0
8
192
448
0
8
192
512
0
8
192
1024
0
8
192
1088
0
8
192
1152
0
8
192
1216
0
8
256
384
0
8
256
448
0
8
256
512
0
8
256
576
0
8
256
640
0
8
256
704
0
8
256
768
0
8
256
832
0
8
256
1024
0
8
256
1088
0
8
256
1152
0
8
256
1216
0
8
320
448
0
8
320
512
0
8
320
576
0
8
320
640
0
8
320
704
0
8
320
832
0
8
320
1024
0
8
320
1088
0
8
320
1152
0
8
320
1216
0
8
384
576
0
8
384
640
0
8
384
704
0
8
384
768
0
8
384
832
0
8
384
1024
0
8
384
1088
0
8
384
1152
0
8
384
1216
0
8
448
576
0
8
448
640
0
8
448
704
0
8
448
768
0
8
448
832
0
8
448
1024
0
8
448
1088
0
8
448
1152
0
8
448
1216
0
8
512
512
0
8
512
576
0
8
512
640
0
8
512
704
0
8
512
1024
0
8
512
1088
0
8
512
1152
0
8
512
1216
0
8
576
576
0
8
576
640
0
8
576
704
0
8
576
1024
0
8
576
1088
0
8
576
1152
0
8
576
1216
0
8
640
576
0
8
640
640
0
8
640
704
0
8
640
1024
0
8
640
1088
0
8
640
1152
0
8
640
1216
0
8
704
512
0
8
704
576
0
8
704
640
0
8
704
704
0
8
704
768
0
8
704
832
0
8
704
1024
0
8
704
1088
0
8
704
1152
0
8
704
1216
0
8
768
576
0
8
768
640
0
8
768
704
0
8
768
768
0
8
768
832
0
8
768
1024
0
8
768
1088
0
8
768
1152
0
8
768
1216
0
8
832
512
0
8
832
576
0
8
832
640
0
8
832
704
0
8
832
832
0
8
832
1024
0
8
832
1088
0
8
832
1152
0
8
832
1216
0
8
896
576
0
8
896
640
0
8
896
704
0
8
896
768
0
8
896
832
0
8
896
1024
0
8
896
1088
0
8
896
1152
0
8
896
1216
0
8
960
576
0
8
960
640
0
8
960
704
0
8
960
768
0
8
960
832
0
8
960
1024
0
8
960
1088
0
8
960
1152
0
8
960
1216
0
8
1024
576
0
8
1024
640
0
8
1024
704
0
8
1024
768
0
8
1024
832
0
8
1024
1024
0
8
1024
1088
0
8
1024
1152
0
8
1024
1216
0
8
1088
576
0
8
1088
640
0
8
1088
704
0
8
1088
768
0
8
1088
832
0
8
1088
1024
0
8
1088
1088
0
8
1088
1152
0
8
1088
1216
0
8
1152
512
0
8
1152
576
0
8
1152
640
0
8
1152
704
0
8
1152
832
0
8
1152
1024
0
8
1152
1088
0
8
1152
1152
0
8
1152
1216
0
8
1216
576
0
8
1216
640
0
8
1216
704
0
8
1216
768
0
8
1216
832
0
8
1216
1024
0
8
1216
1088
0
8
1216
1152
0
8
1216
1216
0
8
1280
640
0
8
1280
704
0
8
1280
768
0
8
1280
832
0
8
1280
1024
0
8
1280
1088
0
8
1280
1152
0
8
1280
1216
0
8
1344
640
0
8
1344
704
0
8
1344
768
0
8
1344
832
0
8
1344
1024
0
8
1344
1088
0
8
1344
1152
0
8
1344
1216
0
8
1408
512
0
8
1408
576
0
8
1408
640
0
8
1408
704
0
8
1408
768
0
8
1408
832
0
8
1408
1024
0
8
1408
1088
0
8
1408
1152
0
8
1408
1216
0
8
1472
448
0
8
1472
512
0
8
1472
576
0
8
1472
640
0
8
1472
704
0
8
1472
1024
0
8
1472
1088
0
8
1472
1152
0
8
1472
1216
0
8
1536
384
0
8
1536
448
0
8
1536
512
0
8
1536
576
0
8
1536
640
0
8
1536
704
0
8
1536
1024
0
8
1536
1088
0
8
1536
1152
0
8
1536
1216
0
8
1600
448
0
8
1600
512
0
8
1600
576
0
8
1600
640
0
8
1600
704
0
8
1600
768
0
8
1600
832
0
8
1600
1024
0
8
1600
1088
0
8
1600
1152
0
8
1600
1216
0
8
1664
512
0
8
1664
576
0
8
1664
640
0
8
1664
704
0
8
1664
832
0
8
1664
1024
0
8
1664
1088
0
8
1664
1152
0
8
1664
1216
0
8
1728
640
0
8
1728
704
0
8
1728
1024
0
8
1728
1088
0
8
1728
1152
0
8
1728
1216
0
8
1792
704
0
8
1792
1024
0
8
1792
1088
0
8
1792
1152
0
8
1792
1216
0
8
1856
448
0
8
1856
512
0
8
1856
832
0
8
1856
1024
0
8
1856
1088
0
8
1856
1152
0
8
1856
1216
0
8
192
192
9
8
64
192
9
8
0
192
9
8
1536
192
9
8
1792
192
9
8
1728
192
9
8
256
320
0
8
768
512
0
8
1088
512
0
8
1472
128
10
8
1536
128
10
8
1600
128
10
8
1600
192
10
8
1664
128
10
8
1664
192
10
8
1856
64
10
8
1792
128
10
8
1728
64
10
8
1728
0
10
8
1472
192
10
8
1856
128
10
8
1856
192
10
8
192
128
10
8
0
128
10
8
256
192
10
8
128
192
10
8
128
128
11
8
1728
128
11
8
1408
128
5
8
1472
64
4
8
1664
0
4
8
1792
64
4
8
320
128
4
8
128
64
4
8
192
0
4
8
64
0
4
8
0
64
4
8
1600
64
4
8
1856
0
4
8
1536
0
4
8
1408
64
4
8
1344
128
4
8
1600
0
5
8
256
64
5
8
320
64
6
8
320
0
6
8
256
0
6
8
0
0
6
8
1408
0
6
8
1792
0
6
8
1472
0
6
8
128
0
6
8
448
192
12
8
512
192
12
8
640
192
12
8
576
192
12
8
704
192
12
8
768
192
12
8
832
192
12
8
960
192
12
8
1024
192
12
8
1152
192
12
8
1088
192
12
8
1216
192
12
8
1280
192
12
8
896
192
12
8
64
768
0
8
128
768
0
8
192
768
0
8
192
832
0
8
128
832
0
8
64
832
0
8
1856
704
0
8
1728
576
0
8
1792
576
0
8
1792
768
0
8
1728
768
0
8
1664
768
0
8
192
640
0
8
192
576
0
8
128
576
0
8
128
640
0
8
64
640
0
8
64
704
0
8
128
704
0
8
64
576
0
8
192
704
0
8
1792
640
0
