0
128
704
10
0
64
704
9
0
0
704
9
0
640
832
4
0
640
896
4
0
384
576
19
0
320
576
18
0
448
576
20
0
384
256
20
0
320
256
19
0
256
256
18
0
448
640
17
0
320
640
16
0
320
704
16
0
384
704
15
0
448
704
15
3
640
384
3
640
320
3
640
256
3
640
192
3
640
128
3
640
64
3
640
0
3
640
448
3
640
512
3
640
640
3
640
576
3
640
704
3
640
768
4
576
896
4
512
896
4
448
896
4
384
896
4
320
896
4
256
896
4
192
896
4
64
896
4
128
896
4
0
896
5
384
384
false
7
320
0
1
7
0
0
2
7
0
64
3
7
0
640
4
8
640
960
3
8
576
960
3
8
512
960
3
8
448
960
3
8
384
960
3
8
320
960
3
8
256
960
3
8
192
960
3
8
64
960
3
8
128
960
3
8
0
960
3
8
704
896
3
8
704
832
3
8
704
960
3
8
768
832
3
8
832
832
3
8
768
896
3
8
832
896
3
8
896
896
3
8
896
960
3
8
832
960
3
8
768
960
3
8
896
832
3
8
960
896
3
8
960
960
3
8
960
832
3
8
1024
832
3
8
1024
960
3
8
1088
896
3
8
1024
896
3
8
1088
960
3
8
1088
832
3
8
1152
832
3
8
1152
896
3
8
1152
960
3
8
1216
960
3
8
1216
896
3
8
1216
832
3
8
1280
832
3
8
1280
896
3
8
1344
896
3
8
1280
960
3
8
1344
960
3
8
1344
832
3
8
1408
832
3
8
1408
896
3
8
1408
960
3
8
1472
960
3
8
1472
896
3
8
1472
832
3
8
1536
832
3
8
1536
896
3
8
1600
960
3
8
1600
832
3
8
1536
960
3
8
1600
896
3
8
1664
832
3
8
1728
832
3
8
1728
896
3
8
1664
896
3
8
1664
960
3
8
1728
960
3
8
1792
896
3
8
1792
832
3
8
1856
832
3
8
1856
896
3
8
1856
960
3
8
1792
960
3
8
0
576
0
8
64
640
0
8
128
640
0
8
128
576
0
8
192
576
0
8
192
640
0
8
192
704
0
8
192
768
0
8
128
768
0
8
64
768
0
8
0
768
0
8
0
832
0
8
64
832
0
8
128
832
0
8
192
832
0
8
256
832
0
8
256
768
0
8
320
768
0
8
320
832
0
8
384
832
0
8
384
768
0
8
448
832
0
8
512
832
0
8
512
768
0
8
448
768
0
8
576
768
0
8
576
832
0
8
512
704
0
8
576
704
0
8
256
704
0
8
512
640
0
8
576
576
0
8
512
576
0
8
256
640
0
8
576
640
0
8
576
512
0
8
512
512
0
8
256
576
0
8
256
512
0
8
320
512
0
8
384
512
0
8
448
512
0
8
320
448
0
8
320
384
0
8
320
320
0
8
384
320
0
8
448
384
0
8
448
448
0
8
512
448
0
8
512
384
0
8
512
320
0
8
448
320
0
8
576
320
0
8
576
384
0
8
576
448
0
8
576
256
0
8
512
256
0
8
448
256
0
8
256
320
0
8
256
384
0
8
256
448
0
8
192
448
0
8
192
384
0
8
192
512
0
8
128
512
0
8
128
448
0
8
64
448
0
8
64
512
0
8
0
512
0
8
0
448
0
8
0
384
0
8
64
384
0
8
128
384
0
8
128
320
0
8
192
320
0
8
64
320
0
8
0
320
0
8
0
256
0
8
64
256
0
8
128
256
0
8
128
192
0
8
192
256
0
8
192
192
0
8
256
192
0
8
320
192
0
8
384
192
0
8
448
192
0
8
512
192
0
8
576
192
0
8
576
128
0
8
512
128
0
8
448
128
0
8
384
128
0
8
256
128
0
8
192
128
0
8
128
128
0
8
64
128
0
8
64
192
0
8
0
192
0
8
0
128
0
8
64
64
0
8
128
64
0
8
256
64
0
8
192
64
0
8
320
64
0
8
384
64
0
8
448
64
0
8
512
64
0
8
576
64
0
8
576
0
0
8
448
0
0
8
512
0
0
8
384
0
0
8
256
0
0
8
192
0
0
8
128
0
0
8
64
0
0
8
384
640
13
8
832
512
4
8
1216
320
4
8
1664
640
4
8
1600
320
4
8
1024
384
4
8
1152
640
4
8
1344
512
4
8
832
256
5
8
1408
128
5
8
1536
640
5
8
1024
64
5
8
1728
128
5
8
64
576
8
8
384
448
8
8
320
128
8
8
0
1024
6
8
0
1088
6
8
0
1152
6
8
0
1216
6
8
64
1024
6
8
64
1088
6
8
64
1152
6
8
64
1216
6
8
128
1024
6
8
128
1088
6
8
128
1152
6
8
128
1216
6
8
192
1024
6
8
192
1088
6
8
192
1152
6
8
192
1216
6
8
256
1024
6
8
256
1088
6
8
256
1152
6
8
256
1216
6
8
320
1024
6
8
320
1088
6
8
320
1152
6
8
320
1216
6
8
384
1024
6
8
384
1088
6
8
384
1152
6
8
384
1216
6
8
448
1024
6
8
448
1088
6
8
448
1152
6
8
448
1216
6
8
512
1024
6
8
512
1088
6
8
512
1152
6
8
512
1216
6
8
576
1024
6
8
576
1088
6
8
576
1152
6
8
576
1216
6
8
640
1024
6
8
640
1088
6
8
640
1152
6
8
640
1216
6
8
704
0
6
8
704
64
6
8
704
128
6
8
704
192
6
8
704
256
6
8
704
320
6
8
704
384
6
8
704
448
6
8
704
512
6
8
704
576
6
8
704
640
6
8
704
704
6
8
704
768
6
8
704
1024
6
8
704
1088
6
8
704
1152
6
8
704
1216
6
8
768
0
6
8
768
64
6
8
768
128
6
8
768
192
6
8
768
256
6
8
768
320
6
8
768
384
6
8
768
448
6
8
768
512
6
8
768
576
6
8
768
640
6
8
768
704
6
8
768
768
6
8
768
1024
6
8
768
1088
6
8
768
1152
6
8
768
1216
6
8
832
0
6
8
832
64
6
8
832
128
6
8
832
192
6
8
832
320
6
8
832
384
6
8
832
448
6
8
832
576
6
8
832
640
6
8
832
704
6
8
832
768
6
8
832
1024
6
8
832
1088
6
8
832
1152
6
8
832
1216
6
8
896
0
6
8
896
64
6
8
896
128
6
8
896
192
6
8
896
256
6
8
896
320
6
8
896
384
6
8
896
448
6
8
896
512
6
8
896
576
6
8
896
640
6
8
896
704
6
8
896
768
6
8
896
1024
6
8
896
1088
6
8
896
1152
6
8
896
1216
6
8
960
0
6
8
960
64
6
8
960
128
6
8
960
192
6
8
960
256
6
8
960
320
6
8
960
384
6
8
960
448
6
8
960
512
6
8
960
576
6
8
960
640
6
8
960
704
6
8
960
768
6
8
960
1024
6
8
960
1088
6
8
960
1152
6
8
960
1216
6
8
1024
0
6
8
1024
128
6
8
1024
192
6
8
1024
256
6
8
1024
320
6
8
1024
448
6
8
1024
512
6
8
1024
576
6
8
1024
640
6
8
1024
704
6
8
1024
768
6
8
1024
1024
6
8
1024
1088
6
8
1024
1152
6
8
1024
1216
6
8
1088
0
6
8
1088
64
6
8
1088
128
6
8
1088
192
6
8
1088
256
6
8
1088
320
6
8
1088
384
6
8
1088
448
6
8
1088
512
6
8
1088
576
6
8
1088
640
6
8
1088
704
6
8
1088
768
6
8
1088
1024
6
8
1088
1088
6
8
1088
1152
6
8
1088
1216
6
8
1152
0
6
8
1152
64
6
8
1152
128
6
8
1152
192
6
8
1152
256
6
8
1152
320
6
8
1152
384
6
8
1152
448
6
8
1152
512
6
8
1152
576
6
8
1152
704
6
8
1152
768
6
8
1152
1024
6
8
1152
1088
6
8
1152
1152
6
8
1152
1216
6
8
1216
0
6
8
1216
64
6
8
1216
128
6
8
1216
192
6
8
1216
256
6
8
1216
384
6
8
1216
448
6
8
1216
512
6
8
1216
576
6
8
1216
640
6
8
1216
704
6
8
1216
768
6
8
1216
1024
6
8
1216
1088
6
8
1216
1152
6
8
1216
1216
6
8
1280
0
6
8
1280
64
6
8
1280
128
6
8
1280
192
6
8
1280
256
6
8
1280
320
6
8
1280
384
6
8
1280
448
6
8
1280
512
6
8
1280
576
6
8
1280
640
6
8
1280
704
6
8
1280
768
6
8
1280
1024
6
8
1280
1088
6
8
1280
1152
6
8
1280
1216
6
8
1344
0
6
8
1344
64
6
8
1344
128
6
8
1344
192
6
8
1344
256
6
8
1344
320
6
8
1344
384
6
8
1344
448
6
8
1344
576
6
8
1344
640
6
8
1344
704
6
8
1344
768
6
8
1344
1024
6
8
1344
1088
6
8
1344
1152
6
8
1344
1216
6
8
1408
0
6
8
1408
64
6
8
1408
192
6
8
1408
256
6
8
1408
320
6
8
1408
384
6
8
1408
448
6
8
1408
512
6
8
1408
576
6
8
1408
640
6
8
1408
704
6
8
1408
768
6
8
1408
1024
6
8
1408
1088
6
8
1408
1152
6
8
1408
1216
6
8
1472
0
6
8
1472
64
6
8
1472
128
6
8
1472
192
6
8
1472
256
6
8
1472
320
6
8
1472
384
6
8
1472
448
6
8
1472
512
6
8
1472
576
6
8
1472
640
6
8
1472
704
6
8
1472
768
6
8
1472
1024
6
8
1472
1088
6
8
1472
1152
6
8
1472
1216
6
8
1536
0
6
8
1536
64
6
8
1536
128
6
8
1536
192
6
8
1536
256
6
8
1536
320
6
8
1536
384
6
8
1536
448
6
8
1536
512
6
8
1536
576
6
8
1536
704
6
8
1536
768
6
8
1536
1024
6
8
1536
1088
6
8
1536
1152
6
8
1536
1216
6
8
1600
0
6
8
1600
64
6
8
1600
128
6
8
1600
192
6
8
1600
256
6
8
1600
384
6
8
1600
448
6
8
1600
512
6
8
1600
576
6
8
1600
640
6
8
1600
704
6
8
1600
768
6
8
1600
1024
6
8
1600
1088
6
8
1600
1152
6
8
1600
1216
6
8
1664
0
6
8
1664
64
6
8
1664
128
6
8
1664
192
6
8
1664
256
6
8
1664
320
6
8
1664
384
6
8
1664
448
6
8
1664
512
6
8
1664
576
6
8
1664
704
6
8
1664
768
6
8
1664
1024
6
8
1664
1088
6
8
1664
1152
6
8
1664
1216
6
8
1728
0
6
8
1728
64
6
8
1728
192
6
8
1728
256
6
8
1728
320
6
8
1728
384
6
8
1728
448
6
8
1728
512
6
8
1728
576
6
8
1728
640
6
8
1728
704
6
8
1728
768
6
8
1728
1024
6
8
1728
1088
6
8
1728
1152
6
8
1728
1216
6
8
1792
0
6
8
1792
64
6
8
1792
128
6
8
1792
192
6
8
1792
256
6
8
1792
320
6
8
1792
384
6
8
1792
448
6
8
1792
512
6
8
1792
576
6
8
1792
640
6
8
1792
704
6
8
1792
768
6
8
1792
1024
6
8
1792
1088
6
8
1792
1152
6
8
1792
1216
6
8
1856
0
6
8
1856
64
6
8
1856
128
6
8
1856
192
6
8
1856
256
6
8
1856
320
6
8
1856
384
6
8
1856
448
6
8
1856
512
6
8
1856
576
6
8
1856
640
6
8
1856
704
6
8
1856
768
6
8
1856
1024
6
8
1856
1088
6
8
1856
1152
6
8
1856
1216
6
8
384
384
0
